User Name: asd
Time: 02:27:10.7305272
Date: 2024/11/26
Izpildes Laiks: 02:27:20.7365400
Punkti: 1